42.4
42.4
42.4
42.4
42.4
42.4
42.4
45.2
45.2
45.2
45.2
45.2
45.2
45.2
45.2
45.2
45.2
45.2
45.2
45.2
45.2
42.4
42.4
42.4
42.4
42.4
42.4
42.4
39.6
39.6
39.6
39.6
39.6
39.6
39.6
39.6
39.6
39.6
39.6
39.6
39.6
39.6
39.6
39.6
39.6
39.6
39.6
39.6
39.6
39.6
39.6
39.6
39.6
39.6
39.6
39.6
42.4
42.4
42.4
42.4
42.4
42.4
42.4
42.4
42.4
42.4
42.4
42.4
42.4
42.4
39.6
39.6
39.6
39.6
39.6
39.6
39.6
39.6
39.6
39.6
39.6
39.6
39.6
39.6
39.6
39.6
39.6
39.6
39.6
39.6
39.6
39.6
39.6
39.6
39.6
39.6
39.6
39.6
36.7
36.7
36.7
36.7
36.7
36.7
36.7
36.7
36.7
36.7
36.7
36.7
36.7
36.7
39.6
39.6
39.6
39.6
39.6
39.6
39.6
39.6
39.6
39.6
39.6
39.6
39.6
39.6
39.6
39.6
39.6
39.6
39.6
39.6
39.6
36.7
36.7
36.7
36.7
36.7
36.7
36.7
36.7
36.7
36.7
36.7
36.7
36.7
36.7
39.6
39.6
39.6
39.6
39.6
39.6
39.6
33.9
33.9
33.9
33.9
33.9
33.9
33.9
25.4
25.4
25.4
25.4
25.4
25.4
25.4
17
17
17
17
17
17
17
8.5
8.5
8.5
8.5
8.5
8.5
8.5
2.8
2.8
2.8
2.8
2.8
2.8
2.8
0
0
0
0
0
0
0
0
0
0
0
0
0
0
0
0
0
0
0
0
0
0
0
0
0
0
0
0
0
0
0
0
0
0
